0 0.6658653846153846 0.6502403846153846 0.24278846153846154 0.31490384615384615
0 0.7992788461538461 0.296875 0.3125 0.24278846153846154
0 0.2548076923076923 0.8545673076923077 0.34615384615384615 0.23317307692307693
0 0.5120192307692307 0.20072115384615385 0.3701923076923077 0.27163461538461536
0 0.8064903846153846 0.6274038461538461 0.24759615384615385 0.34134615384615385
0 0.8942307692307693 0.47716346153846156 0.20673076923076922 0.27163461538461536
0 0.8930288461538461 0.7415865384615384 0.14423076923076922 0.21153846153846154
0 0.375 0.5661057692307693 0.27884615384615385 0.27884615384615385
0 0.30408653846153844 0.4567307692307692 0.3701923076923077 0.24519230769230768
0 0.43990384615384615 0.08653846153846154 0.25961538461538464 0.17307692307692307
0 0.078125 0.7403846153846154 0.15625 0.32211538461538464
0 0.5877403846153846 0.8822115384615384 0.35336538461538464 0.23076923076923078
0 0.37740384615384615 0.7307692307692307 0.3557692307692308 0.20192307692307693
0 0.5084134615384616 0.35336538461538464 0.3605769230769231 0.20192307692307693