0 0.25841346153846156 0.703125 0.31971153846153844 0.5889423076923077
0 0.10576923076923077 0.8269230769230769 0.16826923076923078 0.34134615384615385
0 0.5240384615384616 0.6442307692307693 0.32211538461538464 0.6610576923076923
0 0.6935096153846154 0.6911057692307693 0.2644230769230769 0.5072115384615384
0 0.9098557692307693 0.6622596153846154 0.17548076923076922 0.4206730769230769
0 0.3389423076923077 0.3112980769230769 0.22355769230769232 0.41346153846153844
0 0.7019230769230769 0.2403846153846154 0.23557692307692307 0.36538461538461536
0 0.5456730769230769 0.1622596153846154 0.2403846153846154 0.3245192307692308
0 0.20793269230769232 0.16105769230769232 0.21875 0.2668269230769231
0 0.38221153846153844 0.09375 0.13221153846153846 0.17307692307692307
0 0.8545673076923077 0.07932692307692307 0.15625 0.15865384615384615