0 0.8473557692307693 0.9170673076923077 0.08653846153846154 0.10817307692307693
0 0.7572115384615384 0.8894230769230769 0.11778846153846154 0.12259615384615384
0 0.6610576923076923 0.8569711538461539 0.1201923076923077 0.12259615384615384
0 0.5637019230769231 0.8485576923076923 0.14903846153846154 0.13221153846153846
0 0.8317307692307693 0.7956730769230769 0.07211538461538461 0.06971153846153846
0 0.7403846153846154 0.7716346153846154 0.10096153846153846 0.10336538461538461
0 0.6610576923076923 0.7536057692307693 0.09375 0.10336538461538461
0 0.5745192307692307 0.7223557692307693 0.10336538461538461 0.10576923076923077
0 0.43509615384615385 0.8125 0.11778846153846154 0.1201923076923077
0 0.4026442307692308 0.6778846153846154 0.19471153846153846 0.17307692307692307
0 0.328125 0.7776442307692307 0.11057692307692307 0.09615384615384616
0 0.026442307692307692 0.5492788461538461 0.052884615384615384 0.11298076923076923