0 0.4338942307692308 0.09615384615384616 0.11298076923076923 0.11298076923076923
0 0.12860576923076922 0.5192307692307693 0.1346153846153846 0.16346153846153846
0 0.21875 0.18028846153846154 0.07211538461538461 0.07211538461538461
0 0.36538461538461536 0.8052884615384616 0.0673076923076923 0.06490384615384616
0 0.7259615384615384 0.0625 0.09375 0.11778846153846154
0 0.5576923076923077 0.6274038461538461 0.07932692307692307 0.09615384615384616
0 0.9122596153846154 0.5733173076923077 0.06490384615384616 0.06490384615384616
0 0.6850961538461539 0.6947115384615384 0.05048076923076923 0.03365384615384615
0 0.7896634615384616 0.9362980769230769 0.052884615384615384 0.04326923076923077
0 0.359375 0.3389423076923077 0.052884615384615384 0.03125
0 0.6694711538461539 0.25841346153846156 0.052884615384615384 0.038461538461538464