0 0.3858173076923077 0.3605769230769231 0.25721153846153844 0.40384615384615385
0 0.16826923076923078 0.33413461538461536 0.2091346153846154 0.3076923076923077
0 0.5793269230769231 0.45072115384615385 0.21153846153846154 0.3269230769230769
0 0.7584134615384616 0.4014423076923077 0.24278846153846154 0.4423076923076923
0 0.9086538461538461 0.46274038461538464 0.1778846153846154 0.3389423076923077
0 0.84375 0.9483173076923077 0.16346153846153846 0.0985576923076923
0 0.5612980769230769 0.7572115384615384 0.1971153846153846 0.2860576923076923
0 0.17668269230769232 0.703125 0.17067307692307693 0.29086538461538464
0 0.296875 0.7475961538461539 0.16346153846153846 0.27884615384615385
0 0.6213942307692307 0.9579326923076923 0.10817307692307693 0.07932692307692307
0 0.4387019230769231 0.7391826923076923 0.18509615384615385 0.28365384615384615