0 0.7115384615384616 0.4266826923076923 0.23076923076923078 0.31009615384615385
0 0.6971153846153846 0.8040865384615384 0.3076923076923077 0.23076923076923078
0 0.41466346153846156 0.09495192307692307 0.34375 0.18990384615384615
0 0.3942307692307692 0.7800480769230769 0.3629807692307692 0.25721153846153844
0 0.8317307692307693 0.5024038461538461 0.23317307692307693 0.33413461538461536
0 0.8725961538461539 0.6826923076923077 0.23557692307692307 0.2620192307692308
0 0.9435096153846154 0.43149038461538464 0.10817307692307693 0.2091346153846154
0 0.4110576923076923 0.390625 0.2692307692307692 0.2692307692307692
0 0.30288461538461536 0.46274038461538464 0.3629807692307692 0.2283653846153846
0 0.27524038461538464 0.8774038461538461 0.25240384615384615 0.20192307692307693
0 0.16105769230769232 0.12740384615384615 0.23557692307692307 0.2548076923076923
0 0.7331730769230769 0.17548076923076922 0.34615384615384615 0.23076923076923078
0 0.47716346153846156 0.23918269230769232 0.35096153846153844 0.18509615384615385
0 0.4495192307692308 0.6382211538461539 0.3581730769230769 0.18509615384615385