0 0.27884615384615385 0.84375 0.1346153846153846 0.1346153846153846
0 0.7884615384615384 0.734375 0.17067307692307693 0.18269230769230768
0 0.49399038461538464 0.9254807692307693 0.08653846153846154 0.08653846153846154
0 0.8040865384615384 0.3629807692307692 0.07932692307692307 0.07692307692307693
0 0.05048076923076923 0.6742788461538461 0.10096153846153846 0.13221153846153846
0 0.5420673076923077 0.36658653846153844 0.10096153846153846 0.10817307692307693
0 0.24278846153846154 0.16947115384615385 0.07692307692307693 0.07692307692307693
0 0.49158653846153844 0.23197115384615385 0.052884615384615384 0.04567307692307692
0 0.5769230769230769 0.006009615384615385 0.0625 0.01201923076923077
0 0.4963942307692308 0.7139423076923077 0.055288461538461536 0.04807692307692308
0 0.2127403846153846 0.5661057692307693 0.057692307692307696 0.052884615384615384