0 0.6442307692307693 0.671875 0.27403846153846156 0.3293269230769231
0 0.8257211538461539 0.3401442307692308 0.3269230769230769 0.27163461538461536
0 0.20793269230769232 0.8173076923076923 0.3557692307692308 0.2692307692307692
0 0.5540865384615384 0.20552884615384615 0.38461538461538464 0.3076923076923077
0 0.7848557692307693 0.6682692307692307 0.28125 0.35336538461538464
0 0.8882211538461539 0.5360576923076923 0.21875 0.28846153846153844
0 0.8557692307692307 0.7932692307692307 0.1658653846153846 0.21634615384615385
0 0.36658653846153844 0.5480769230769231 0.3004807692307692 0.3004807692307692
0 0.3112980769230769 0.43028846153846156 0.37740384615384615 0.28365384615384615
0 0.5012019230769231 0.09014423076923077 0.27163461538461536 0.18028846153846154
0 0.07091346153846154 0.6730769230769231 0.14182692307692307 0.33653846153846156
0 0.5336538461538461 0.8774038461538461 0.36538461538461536 0.2403846153846154
0 0.34615384615384615 0.7115384615384616 0.3581730769230769 0.2403846153846154
0 0.5276442307692307 0.3557692307692308 0.36538461538461536 0.2403846153846154