0 0.21394230769230768 0.3485576923076923 0.2980769230769231 0.6105769230769231
0 0.054086538461538464 0.25 0.10817307692307693 0.39903846153846156
0 0.4879807692307692 0.35336538461538464 0.3004807692307692 0.65625
0 0.640625 0.26802884615384615 0.25 0.5024038461538461
0 0.8858173076923077 0.23677884615384615 0.21634615384615385 0.41346153846153844
0 0.3894230769230769 0.7223557692307693 0.21153846153846154 0.4110576923076923
0 0.7584134615384616 0.703125 0.22355769230769232 0.3581730769230769
0 0.6274038461538461 0.8269230769230769 0.22596153846153846 0.33653846153846156
0 0.29927884615384615 0.8822115384615384 0.21394230769230768 0.23076923076923078
0 0.4855769230769231 0.9170673076923077 0.12980769230769232 0.16105769230769232
0 0.9375 0.8521634615384616 0.1201923076923077 0.21394230769230768