0 0.33774038461538464 0.7295673076923077 0.4735576923076923 0.5360576923076923
0 0.23557692307692307 0.8798076923076923 0.27403846153846156 0.23557692307692307
0 0.5673076923076923 0.6298076923076923 0.49038461538461536 0.6730769230769231
0 0.7427884615384616 0.6225961538461539 0.3918269230769231 0.5216346153846154
0 0.8990384615384616 0.5180288461538461 0.1971153846153846 0.43509615384615385
0 0.28846153846153844 0.3701923076923077 0.3269230769230769 0.43028846153846156
0 0.6105769230769231 0.1935096153846154 0.32211538461538464 0.3870192307692308
0 0.43509615384615385 0.17067307692307693 0.3173076923076923 0.34134615384615385
0 0.12860576923076922 0.2692307692307692 0.25721153846153844 0.30288461538461536
0 0.26322115384615385 0.1502403846153846 0.16826923076923078 0.18990384615384615
0 0.6959134615384616 0.040865384615384616 0.20432692307692307 0.08173076923076923