0 0.328125 0.44471153846153844 0.3269230769230769 0.4206730769230769
0 0.1310096153846154 0.5420673076923077 0.2620192307692308 0.3245192307692308
0 0.5396634615384616 0.41466346153846156 0.2668269230769231 0.34134615384615385
0 0.6634615384615384 0.2764423076923077 0.32211538461538464 0.4519230769230769
0 0.8389423076923077 0.234375 0.27163461538461536 0.35096153846153844
0 0.9783653846153846 0.7199519230769231 0.038461538461538464 0.19471153846153846
0 0.6911057692307693 0.6826923076923077 0.24519230769230768 0.30288461538461536
0 0.3389423076923077 0.8461538461538461 0.22115384615384615 0.3004807692307692
0 0.4639423076923077 0.8185096153846154 0.21394230769230768 0.28846153846153844
0 0.8605769230769231 0.8317307692307693 0.1201923076923077 0.125
0 0.578125 0.734375 0.23317307692307693 0.2956730769230769