0 0.1045673076923077 0.8713942307692307 0.07692307692307693 0.10336538461538461
0 0.1971153846153846 0.8545673076923077 0.11057692307692307 0.11538461538461539
0 0.296875 0.8341346153846154 0.11298076923076923 0.11538461538461539
0 0.3942307692307692 0.8377403846153846 0.14182692307692307 0.1201923076923077
0 0.1346153846153846 0.7536057692307693 0.0673076923076923 0.06490384615384616
0 0.2283653846153846 0.7403846153846154 0.09375 0.09615384615384616
0 0.3088942307692308 0.7319711538461539 0.08413461538461539 0.0985576923076923
0 0.39903846153846156 0.7127403846153846 0.09615384615384616 0.10096153846153846
0 0.5264423076923077 0.8185096153846154 0.11057692307692307 0.11298076923076923
0 0.5745192307692307 0.6887019230769231 0.18509615384615385 0.15865384615384615
0 0.6358173076923077 0.796875 0.10576923076923077 0.0889423076923077
0 0.9855769230769231 0.7403846153846154 0.02403846153846154 0.1346153846153846
0 0.9699519230769231 0.609375 0.055288461538461536 0.10817307692307693