0 0.18269230769230768 0.9399038461538461 0.09134615384615384 0.10817307692307693
0 0.2704326923076923 0.90625 0.12259615384615384 0.125
0 0.3641826923076923 0.8665865384615384 0.125 0.125
0 0.46033653846153844 0.8521634615384616 0.15144230769230768 0.13701923076923078
0 0.18870192307692307 0.8185096153846154 0.07451923076923077 0.07211538461538461
0 0.27884615384615385 0.7872596153846154 0.10336538461538461 0.10576923076923077
0 0.35697115384615385 0.7632211538461539 0.09615384615384616 0.10576923076923077
0 0.4411057692307692 0.7271634615384616 0.10576923076923077 0.10817307692307693
0 0.5865384615384616 0.8076923076923077 0.12259615384615384 0.12259615384615384
0 0.609375 0.6706730769230769 0.1971153846153846 0.18028846153846154
0 0.6899038461538461 0.765625 0.11298076923076923 0.10096153846153846
0 0.9723557692307693 0.5144230769230769 0.05048076923076923 0.11538461538461539